 PDE 2017 12  1  2 32 44.0  30.7340  57.3900  5.0 0.0 5.9 IRAN
event name:     20171201023244
time shift:      0.0000
half duration:   1.3000
latitude:       30.7340
longitude:      57.3900
depth:          18.0000
Mrr:       0.000000e+23
Mtt:       0.000000e+23
Mpp:       0.000000e+23
Mrt:       1.000000e+23
Mrp:       0.000000e+23
Mtp:       0.000000e+23
